86 7 45 69 43 38 63 78 52 93 96 16 98 55 95 : 7-0, 10-10, 1-8, 4-8, 7-10, 10-12
99 48 50 20 65 11 25 77 28 46 50 84 77 75 16 25 : 8-5, 2-4, 7-13, 6-9, 10-3, 4-12, 12-3, 11-13
70 48 3 5 13 30 35 61 97 30 59 15 58 16 32 : 11-10, 14-4
38 94 80 40 77 30 87 98 62 39 19 : 4-7, 0-9, 10-8, 2-4, 10-1, 7-5
32 79 90 60 56 1 19 18 26 36 3 95 52 98 20 : 1-8, 4-8, 2-7, 7-2, 7-11, 11-14, 13-5, 9-13
29 51 44 98 20 28 66 76 22 34 93 98 98 : 11-9, 1-8
9 66 4 93 29 20 54 2 62 29 100 75 87 46 71 : 8-0, 2-11, 1-13, 14-4, 10-8, 1-14
2 88 99 94 67 43 26 8 32 83 40 98 38 82 : 0-9, 12-4, 13-3, 5-1, 3-12
94 7 98 26 16 71 56 88 91 48 58 10 : 7-9, 11-11, 2-11, 0-8, 3-7, 8-8
40 24 35 49 29 15 95 25 56 73 : 6-2, 7-7, 5-2, 6-5, 7-6
51 7 95 43 56 54 23 20 19 84 37 65 64 71 40 12 79 63 24 : 9-16, 0-1
34 70 24 1 51 69 59 26 66 77 : 7-2, 0-8, 9-9, 3-7, 9-9
65 88 62 41 60 92 49 55 80 84 : 3-3, 2-0, 6-9
7 1 54 90 36 19 33 89 96 11 44 25 59 36 77 78 86 65 68 : 6-1, 2-11, 2-17, 6-13, 15-3, 6-4
36 74 99 67 13 34 59 78 4 5 8 25 57 80 12 73 81 : 2-1, 15-9
54 86 17 58 11 62 9 36 61 73 51 22 99 81 9 42 56 83 99 : 0-15, 12-0, 13-12, 8-15
55 63 86 46 82 82 94 54 73 27 89 68 7 18 99 68 51 16 25 : 9-5, 16-15, 16-8
80 89 20 91 40 58 90 61 39 70 15 72 74 : 1-9, 9-8, 8-7, 11-0, 9-8, 11-12, 11-0
45 61 33 35 99 72 57 96 22 42 10 85 78 96 15 64 : 12-5, 8-7, 11-13, 6-13, 15-8, 0-1, 9-13
93 70 79 42 29 67 39 8 28 88 58 30 72 12 1 10 32 36 : 14-10, 14-12, 0-0, 12-2, 8-11, 15-8
10 61 24 96 63 8 2 24 16 4 51 47 20 11 91 91 : 9-13, 9-8, 2-4, 2-5, 11-4, 0-5, 14-4, 6-8, 14-9
14 29 20 82 64 15 23 17 42 84 6 27 13 53 15 12 85 : 12-5, 4-0, 7-5, 11-7, 16-7, 4-4, 10-9
57 35 37 89 61 97 15 18 31 74 52 8 2 7 : 9-4, 3-9
39 85 97 88 97 36 61 89 84 55 90 67 98 42 95 60 : 5-5, 14-11, 4-15, 0-15, 6-15, 7-13, 14-3, 8-11
22 39 13 88 61 20 72 53 95 53 55 5 87 55 : 11-10
84 29 13 21 32 67 61 28 83 54 76 : 0-9, 10-6, 2-6
81 58 90 42 57 73 49 63 79 17 87 79 64 5 98 : 3-5
69 98 70 28 37 3 12 6 78 34 47 26 12 62 : 7-1, 5-9
67 3 21 99 15 44 13 85 66 82 99 16 35 23 : 2-9, 12-11, 5-9
3 44 19 80 77 75 6 31 59 42 1 29 53 59 21 96 8 67 : 16-5, 1-1, 6-16, 9-11, 14-0, 7-5, 8-10, 2-16, 12-11
41 10 61 17 28 64 52 25 11 90 : 8-2, 7-4, 1-4, 2-2
16 4 15 34 79 84 84 22 56 48 32 : 0-10
44 20 69 8 41 82 61 62 16 44 : 3-5, 0-9, 6-2
42 1 25 51 77 4 62 31 11 64 94 45 37 96 : 3-6, 7-9, 13-13, 11-5, 5-7, 9-10, 13-11
51 57 11 67 5 99 5 37 57 73 22 72 99 29 99 : 13-6, 9-9
35 35 2 76 69 76 66 16 37 13 31 : 9-2, 5-3
58 69 24 31 70 24 17 31 79 41 67 79 42 21 : 0-4, 0-9, 5-12, 12-8, 6-5
29 33 48 3 82 17 22 87 31 73 78 28 10 40 50 37 87 26 97 27 : 14-9, 11-10, 19-0, 10-12, 1-10, 11-9, 5-1, 3-7, 12-16, 18-1
44 76 91 87 16 2 9 3 24 26 95 : 1-0
47 29 78 89 98 26 99 37 24 8 26 78 26 67 42 41 77 : 8-1, 16-10, 9-6, 10-8, 16-3, 9-14, 6-15
23 93 53 83 7 69 27 78 41 27 63 5 10 50 92 84 : 4-0, 11-4, 6-1
45 99 45 17 31 46 61 60 85 2 38 : 9-5, 10-10, 10-4, 10-1
36 30 14 96 78 7 19 65 66 20 35 12 13 39 4 42 : 5-2, 0-7, 5-1, 12-11, 3-1, 0-1, 6-8, 5-0
79 72 14 97 57 82 16 28 42 84 73 : 8-5, 5-0, 10-6, 10-8
10 84 15 61 38 93 19 89 42 3 32 66 : 5-3
36 29 66 75 26 35 100 24 24 72 68 73 1 83 : 6-9, 1-8, 9-5, 13-3, 7-6, 4-5, 6-8
8 5 86 28 8 3 15 25 35 65 37 66 9 97 80 39 19 71 17 64 : 12-6, 7-11, 8-3, 18-3, 16-14, 16-13, 4-0, 2-2, 5-8, 18-19, 14-10
5 63 21 76 46 4 2 47 81 31 71 62 81 100 61 21 63 76 : 6-11, 3-3, 14-12, 11-0, 11-16, 17-16, 1-9
49 9 79 85 25 88 87 69 47 19 2 8 75 32 5 80 66 37 55 31 : 5-17, 11-11, 6-11, 11-16, 7-13, 3-6, 19-16
77 97 24 69 20 25 95 41 66 89 : 9-4, 7-0, 9-0, 6-7
88 10 39 48 43 65 80 5 89 27 39 20 90 : 4-11, 8-6, 5-8, 4-1
62 59 41 45 3 29 88 31 78 63 72 57 32 57 55 16 76 3 91 : 6-13, 6-0
45 22 42 14 21 85 3 79 70 72 41 56 100 68 99 : 1-12, 1-4, 8-3, 9-9
27 17 11 95 12 69 32 14 52 84 95 93 27 73 20 22 9 12 92 41 : 11-3
3 15 29 25 83 14 33 15 9 50 59 23 84 : 8-2, 5-12, 2-7, 8-1, 3-7
48 9 44 9 88 71 73 8 36 78 52 51 : 10-7, 3-4
70 98 35 93 48 19 82 57 84 32 42 58 63 100 39 : 6-14
15 65 70 78 73 9 64 44 13 92 64 51 : 9-3, 7-0, 4-3, 6-3
82 84 31 52 85 70 58 95 87 75 74 4 22 21 93 50 : 15-3, 2-7, 6-3, 15-12
23 56 48 73 17 22 68 57 12 63 65 14 14 : 4-9
88 92 73 3 61 92 5 62 5 84 46 77 10 91 23 90 : 6-11, 8-4, 10-11, 15-3, 8-15, 8-13, 8-13, 13-12
20 28 73 98 83 33 38 38 94 15 62 : 1-8, 0-6, 0-7, 5-7, 8-2
93 80 21 70 74 72 80 58 86 89 78 93 : 2-7, 7-9, 3-10, 3-5, 8-9, 1-3
17 52 18 98 100 99 86 47 79 12 100 34 10 82 87 55 96 40 81 51 : 16-15
31 80 59 7 29 62 84 50 92 26 52 64 38 : 4-2
18 31 52 71 48 56 6 96 28 3 26 35 41 40 : 0-4, 10-10, 2-3, 11-9, 5-3, 10-3, 12-8, 10-0
30 73 15 85 48 2 3 11 65 19 87 27 91 19 27 23 : 11-13, 1-5
47 39 46 42 43 69 24 20 50 52 2 40 92 : 11-8, 12-8, 12-6
22 83 92 47 35 77 91 10 99 7 55 76 16 : 7-10
91 82 76 48 14 67 80 80 2 32 70 78 25 90 88 58 19 85 97 : 0-11, 1-10, 13-2, 11-12, 13-10
35 59 46 31 33 79 15 82 73 63 4 83 40 99 89 18 75 58 22 33 : 13-9, 2-4, 17-15, 2-2
16 36 23 48 73 35 75 21 83 35 92 1 82 70 58 25 90 18 : 4-0, 13-9, 14-14, 5-11, 13-16, 4-13, 12-17, 14-2
90 46 49 24 8 80 76 23 81 16 91 80 : 1-5, 11-5, 8-1
100 82 39 27 1 61 3 79 21 69 22 63 78 48 : 11-4, 2-2, 10-6
51 92 88 1 76 48 71 39 35 53 33 50 79 70 : 9-9
7 48 96 26 73 88 87 15 81 86 48 26 84 32 15 37 : 13-7
7 92 41 63 76 41 58 78 19 63 36 75 86 48 15 : 9-10, 1-9, 1-14, 8-8, 2-8
18 42 65 74 33 4 56 45 100 61 69 : 7-8, 9-10, 0-5, 5-10
39 28 88 72 55 74 49 39 56 43 11 59 28 95 97 77 59 : 13-7, 15-5, 14-8, 3-8, 2-15, 14-6, 11-15
8 49 82 18 65 21 37 17 39 71 57 59 77 20 68 98 93 43 30 37 : 8-14, 18-5, 8-15, 8-15, 2-8
65 69 68 16 95 73 42 8 93 27 28 99 64 : 1-2, 10-5, 8-4, 1-12, 2-8, 5-3, 9-9
12 97 11 82 18 71 6 6 100 55 31 97 84 : 10-5
44 98 14 16 78 65 41 99 91 37 41 68 50 80 : 9-7, 1-6, 13-3, 1-7
51 18 66 7 74 50 46 17 56 91 87 35 76 42 : 6-6, 0-5, 1-11
55 30 4 36 32 58 72 3 8 77 51 88 83 17 93 5 54 : 16-7, 13-16, 3-16, 6-5, 3-0, 7-8, 9-15
11 40 26 30 22 22 28 18 96 87 38 94 44 76 98 88 57 92 15 : 5-13, 2-11, 17-14, 0-18, 9-2, 15-3, 11-11
37 48 8 85 37 63 43 21 16 97 52 27 : 0-11, 6-4, 10-8, 3-11, 7-1, 4-5
37 70 77 92 74 59 10 81 75 67 : 4-3, 1-4, 7-2
93 64 80 35 55 90 9 36 47 81 60 82 5 8 : 2-10, 12-2, 12-2
80 41 73 78 7 73 76 28 48 87 65 : 1-0, 7-4, 9-4, 7-1, 8-0, 1-2
100 68 23 87 98 45 83 85 33 18 33 18 7 8 31 99 4 27 96 : 6-11
96 83 47 81 1 4 38 8 3 61 : 3-7, 9-5, 8-7, 3-5
63 87 34 60 77 39 54 42 27 26 77 67 46 88 : 12-0, 13-7, 1-12, 0-12
71 44 43 66 50 47 62 74 39 53 86 3 49 : 1-6, 11-11
58 41 63 76 56 66 58 22 20 31 27 53 : 4-5, 0-11, 9-8, 6-3, 6-11
69 73 70 11 86 97 40 6 14 39 15 70 : 9-10, 3-0, 7-3, 3-4, 1-9, 7-8
3 38 61 58 24 51 68 12 46 46 58 89 81 44 5 8 21 31 : 8-13, 4-2, 4-10, 2-5, 2-1, 10-6, 11-8
22 97 54 41 90 6 17 4 44 56 98 28 71 11 : 4-1, 11-4, 0-7, 5-4
97 80 79 88 77 81 100 50 41 100 68 81 23 6 14 : 0-9, 13-5
26 14 77 97 55 28 20 21 83 95 14 31 94 65 10 84 86 10 : 6-3, 8-16, 12-4, 14-9