51 51 51 51 51 51 51 51 59 59 59 59 59 59 36 11 11 11 11 7 7 7 7 7 84 84 84 84 84 84 84 84 84 58 58 58 58 60 60 60 60 60 60 60 60 10 10 10 10 10 10 10 10 37 10 10 10 10 10 10 10 10 10 65 65 65 65 65 65 65 65 65 65 81 81 81 81 81 81 81 81 81 64 64 64 64 64 64 64 64 64 25 25 25 25 25 25 25 25 25 69 69 69 69 69 69 69 69 67 67 67 67
1 1 3 3 3 2 2 2 2 14 14 14 11 11 11 2
87 87 87 33 33 33 33 33 33 33 33 76 69 69 69 69 26 26 26 26 90 90 71 33 33 33 48 95 95 95 95 95 95 95 95 95 47 47 47 45 83 83 83 83 80 80 80 80 90 90 90 90 90 90 90 90
3 3 3
47 47 47 47 47 47 47 47 47 47 20 20 20 20 40 40 40 40 40 40 40 78 78 78 78 78 78
96 96 96 96 96 96 96 96 96 37 37 61 61 31 31 89 89 89 89 89 59 59 59 59 59 59 18 18 18 45 45 42 42 42 6 6 6 6 6 6 55 55 55 55 55 55 41 41 41 41 41 41 41 41 41 41 69 69 69 69 69 37 37 1 1 1 1 1 1 1 1
2 2
2
32 32 88 88 88 88 88 83 83 83 83 83 57 57 57 57 57 57 57 57 57 57 43 43 43 43 71 71 71 71 71 71 71 49 49 49 34 34 34 34 34 94 94 45 45 45 45 45 45 45 45 13 13 13 13 13 13 13 13 13 13 70 70 70 70 70 70 70 70 70 70 43 43 43 43 43 90 90 90 90 90 90 90 90 90
26 26 26 26 26 26 26 26 26 26 24 24 24 24 4 4 4 4 4 42 42 42 79 79 79 79 79 79 79 44 44 44 44 44 44 48 48 48 48 48 48 48 88 88 88 88 88 88 88 50 50 46 38 38 38 35 35 67 67 67 67 67 74 74 74 74 74 74 74 74 10 10 10 10 10 10 10 10 10 10 10 10 10 10 21 21 21 21 21 21 21 21 21 21 4 4 4 4
85 85 85 85 85 85 85 72 72 72 72 72 72 72 72 72 72 7 7 7 85 85 85 85 85 85 85
96 96 96 62 62 62 62 62 62 62 62 62 1 90 90 90 90 90 6 6 6 6 6 6 6 3 3 67 67 67 67 42 42 42 42 42 42 42 42 42 42 42 42 42 42 42 42 42 42 42 80 80 80 80 74 74 74 74 74 74 74 74 74 76 76 76 76 68 68 68
89 89 43 43 39 39 39 39 13 13 89 75 75 75 75 75 75 75 73 73 73 73 73 73 73 73 73 32 32 32 32 32 32 32 32 32 32 87 87 87 87 33 33 33 33 33 33 33 71 71 71 71 71 71 71 71 71 71 45 45 45 45 45 45 45 45 87 87 87 87 87 87 87 87 87 87 16 16 16 16 16 38 38 38 38 38 38 38 38 32 32 32 32 32 32 32 32 32 32
98 98 20 20 20 20 20 20 20 67 67 67 67 39 39 39 39 39 39 63 98 98 98 98 98 98 98 3 3 3 16 16 16 16 52 52 52 52 52 52 52 75 75 75 75 75 75 75 63 63 63 63 63 63 63 63 63 82 82 82 82 82 82
72 72 72 72 95 95 95 95 95 95 67 67 67 67 67 67 67 38 38 38 38 38 74 74 74 74 74 74 53 36 36 20 20 20 20 20 20 20 20 20 86 86 86 86 23 23 23 23 48 20 20 20 20 20 20 20 20 85 85 85 76 76 76 3 3 3 3 3 3 3 99 99 99 99 99 99 99 96 96 96 96 96 96 96 48
43 43 43 43 43 43 43 43 43 65 65 65 65 65 65 65 30 30 30 30 30 30 54 54 54 54 54 90 90 90 90 90 31 31 31 31 31 31 31 31 31 31 59 59 59 59 59 59 55 89 89 89 89 89 89 89 5 5 5 5 89 40 40 40
2 4 4 4 6 6 6 6 6 8 8 8 8 8 8 8 10 10 10 10 10 10 10 10 10
54 54 54 54 54 54 54 54 54 54 13 13 13 13 13 13 13 13 13 13 72 2 2 2 2 2 55 55 4 77 77 77 77 77 77 77 77 77 1 1 1 1 1 1 77 77 77 77 77 77 55 55 55 55 55 55 77 77 91 91 91 91 91 91 91 91 91 91 85 85 79 79 49 49 49 49 49 49 49 49 49 49 40 40 40 40 40 40 40 40 40 40 34 34 34 26 92 92 92 92 92 34 34 34
1 1 1 1 1 1 1 1 1 75 75 75 75 75 75 70 70 70 70 70 70 70 7 7 7 7 7 7 7 57 57 57 57 57 20 20 89 89 89 89 89 89 89 89 89 43 43 43 43 40 40 40 40 40 40 53 53 53 53 53 53 53 53 64 64 64 64 64 64 64 64 64 64 63 63 63 63 63 9 9 9 9 9 9 9 9 32 32 32 29 29 29 29 29 29 29 29 29 29 38 38 38 38 38 38 38 38 54 54 54 54 53 53 53 53 53 17 17 17 17 17 17 17 17 17
0
7
40 40 40 40 29 29 29 29 29 29 29 29 57 57 92 92 92 92 92 86 86 86 86 86 86 86 86 86 86
73 28 83 83 83 83 83 83 83 83 83 18 18 18 18
63 63 63 63 63 48 48 48 48 4 4 4 4 4 4 4 4 94 94 94 16 16 16 16 16 16
44 44 44 44 44 44 44 38 38 38 38 61 61 61 61 61 61 61 61 36 36 36 36 36 36 36 36 36 36 89 89 89 96 96 96 96 96 36 36 36 36 36 36 36 36 36 74 74 74 74 74 64 64 64 64 29 29 29 29 29 29
17 17 43 43 43 43 43 43 43 40 40 26 26 26 26 26 26 50 50 50 50 50 50 50 50 50 64 64 64 64 64 64 64 64
5
86 40 40 40 40 40 40 40 40 40 51 51 51 22 22 22 22 22 63 63 63 63 63 63 63 63 63 63 94 94 94 94 94 94 94 63 63 63 63 10 10 10 70 70 70 70 70 12 12 12 12 29 29 29 29 81 81 81 81 81 83 83 83 83 83 83 93 93 93 93 93 93 10 10 10 10 10 10 10 10 38 38 38 38 38 38 38 38 38 38 21 21 21 21 21 21 55 55 10 55 55 55
29 29 40 40 40 40 40 40
75 75 75 75 75 75 34 34 12 12 12 12 12 12 12 12 12 12 37 37 37 37 37 37 67 67 67 67 67 67 67 67 80 80 80 78 78 78 78 7 7 7 73 73 73 73 78 78 78 78 78 31 31 31 31 74 74 3 3 25 25 25 25 25 25 25 28 28 28 28 28 28 28 28 28 63 63 63 63 63 63 63 63 31 81 81
2 2
78 78 78 78 78 78 78 19 19 19 38 38 38 38 38 38 38 38 38 46 46 46 46 46 87 87 87 87 87 87 87 87 64 64 64 64 64 64 64 64 64 64 3 3 3 3 3 13 13 13 13 13 13 52 52 52 52 52 52 52 52 67 67 67 67 67 92 92 92 92 92 38 38 20 20 20 20 20 20 20 20 20 20 11 11 11 11 11 86 86 86 86 7 7 7 7 7 8 8 8 8 8 8 55 55 55 55
56 56 56 56 56 56 1 1 62 62 62 62 62 51 51 51 18 18 18 18 18 18 18 18 1 1 1 1 1 1 1 1 1 80 80 80 80 80 80 80 80 80 40 40 40
1
70 70 70 70 70 70 70 70 70 44 44 44 44 44 44 44 83 83 83 83 83 53 53 53 53 53 47 47 47 47 47 47 47 47 82 82 82 91 91 91 91 91 91 91 91 91 91 3 3 3 3 3 3 3 3 52 52 52 52 49 49 49 49 21 21 21 21 83 83 83 83 83
0
7 7 7 7 7 7 7
92 92 92 92 92 92 29 29 46 46 46 46 46 46 46 95 95 95 95 95 95 95 95 95 95 46 46 46 46 46 46 36 36 93 93 93 93 93 93 93 93 46 46 46 46 46 46 46 46 16 16 16 16 16 16 16 16 16 79 79 79 79 79 45 45 21 21 21 21 21 21 21 90 90 90 90 90 90 90 90 90 90 86 86 3 3 3 85 85 85 85 85 85 38 38 38 4 4 4 22 22 22 22 22 22 22 3 3
21 18 18 18 18 18 18 18 77 77 77 56 56 56 56 56 56 56 56 56 56 81 13 13
9 9 9 9 9 9 9 9 9
74 74 74 74 98 98 98 98 98 18 18 34 34
3
73 73 73 73 41 41 41 41 41 41 41 41 41 41
15 15 15 15 15 15 15 81 81 81 88 88 88 88 46 46 46 46 46 46 46 80 80 80 80 80 80 80 80 80 80 4 4 4 4 4 4 4 4 4 3 3 3 3 3 3 3 3 3 85 85 85 85 85 85 85 20 20 20 20 14 14 14 14 14 14 14 62 62 62 62 62 62 62 62 62 32 32 32 32 32 32 32 32 32 32 59 59 26 26 26 26 26 26 26 76 76 81 81 81
3
33 33 33 33 33 33 29 29 29 29 29 84 84 84 84 84 84 81 81 81 81 81 24 24 24 12 64 64 64 64 35 35 35 35 35 91 10 10 60 60 60 46 46 46 46 46 46 46 46 78 78 78 78 30 30 30 30 30 30 30 30 30 69 39 39 39 39 39 39 76 76 76 76 29 29 29 29 29
55 55 55 55 55 55 55 55 55 55 37 19 19 19 19 19 19 19 19 57 57 57 45 45 45 45 45 45 45 20 20 20 20 20 20 20 20 20 4 71 71 27 81 81 81 81 81 81 81 81
75 75 75 75 75 75 75 75 47 47 47 47 47 47 47 47 47 19 19 19 19 19 19 19 72 72 72 72 72 72 72 72 65 65 65 65 7 7 7 7 72 72 72 72 67 67 67 67 67 67 67 98 98 98 98 73 73 73 73 73 73 23 23 23 23 23 23 15 15 84 84 84 84 84 84 84 84 84 84 51 51 51 51 51 51 51 40 40 40 40 60 60 60 60 60 69 69 69 69 69 69 69 69 69 69
1 0
11 11 11 11 11 11 11 11 11 11 48 48 48 48 48 48 48 48 48 4 4 49 49 49 49 49 49 13 13 13 13 25 25 49 49 49 49 49 49
